#Layer_Color=16711935
#
#Feature symbol names
#
$0 r3.937
$1 r7.874

#
#Feature attribute names
#

#
#Layer features
#
L 0.0864173 0.2005905 0.0913386 0.1937008 0 P 0
L 0.0864173 0.2005905 0.1100393 0.2153543 0 P 0
L 0.0864173 0.2291339 0.0864173 0.4732283 0 P 0
L 0.0864173 0.2291339 0.1100393 0.2291339 0 P 0
L 0.0864173 0.4732283 0.1100393 0.4732283 0 P 0
L 0.0864173 0.5017717 0.0913386 0.5086614 0 P 0
L 0.0864173 0.5017717 0.1100393 0.4870079 0 P 0
L 0.0913386 0.1937008 0.1100393 0.2055118 0 P 0
L 0.0913386 0.5086614 0.1100393 0.4968504 0 P 0
L 0.1100393 0.2055118 0.3068897 0.2055118 0 P 0
L 0.1100393 0.2153543 0.1100393 0.2291339 0 P 0
L 0.1100393 0.4732283 0.1100393 0.4870079 0 P 0
L 0.1100393 0.4968504 0.3068897 0.4968504 0 P 0
L 0.3068897 0.2055118 0.3068897 0.4968504 0 P 0
L 0.3068897 0.2950787 0.3187007 0.2950787 0 P 0
L 0.3068897 0.3049213 0.3187007 0.3049213 0 P 0
L 0.3068897 0.3206692 0.3187007 0.3206692 0 P 0
L 0.3068897 0.3305118 0.3187007 0.3305118 0 P 0
L 0.3068897 0.3462598 0.3187007 0.3462598 0 P 0
L 0.3068897 0.3561024 0.3187007 0.3561024 0 P 0
L 0.3068897 0.3718504 0.3187007 0.3718504 0 P 0
L 0.3068897 0.381693 0.3187007 0.381693 0 P 0
L 0.3068897 0.3974409 0.3187007 0.3974409 0 P 0
L 0.3068897 0.4072835 0.3187007 0.4072835 0 P 0
L 0.3187007 0.2950787 0.3187007 0.3049213 0 P 0
L 0.3187007 0.3206692 0.3187007 0.3305118 0 P 0
L 0.3187007 0.3462598 0.3187007 0.3561024 0 P 0
L 0.3187007 0.3718504 0.3187007 0.381693 0 P 0
L 0.3187007 0.3974409 0.3187007 0.4072835 0 P 0
L 0.394685 0.632874 0.394685 0.6978346 1 P 0
L 0.394685 0.632874 0.4320866 0.632874 1 P 0
L 0.394685 0.6978346 0.4320866 0.6978346 1 P 0
L 0.4320866 0.632874 0.4320866 0.6978346 1 P 0
L 0.475 0.24 0.475 0.475 1 P 0
L 0.475 0.24 0.725 0.24 1 P 0
L 0.475 0.475 0.725 0.475 1 P 0
L 0.503937 0.5570866 0.503937 0.781496 1 P 0
L 0.503937 0.5570866 0.7007874 0.5570866 1 P 0
L 0.503937 0.781496 0.7007874 0.781496 1 P 0
L 0.7007874 0.5570866 0.7007874 0.781496 1 P 0
L 0.725 0.24 0.725 0.475 1 P 0
L 0.8051181 0.3848425 0.8051181 0.4517717 0 P 0
L 0.8051181 0.3848425 0.8405511 0.3848425 0 P 0
L 0.8051181 0.4517717 0.8405511 0.4517717 0 P 0
L 0.8356299 0.7942913 0.8356299 0.8277559 1 P 0
L 0.8356299 0.7942913 0.8966535 0.7942913 1 P 0
L 0.8356299 0.8277559 0.8966535 0.8277559 1 P 0
L 0.8405511 0.3848425 0.8405511 0.4517717 0 P 0
L 0.843504 0.5748032 0.843504 0.6968504 0 P 0
L 0.843504 0.5748032 0.9143701 0.5748032 0 P 0
L 0.843504 0.6968504 0.9143701 0.6968504 0 P 0
L 0.8966535 0.7942913 0.8966535 0.8277559 1 P 0
L 0.9143701 0.5748032 0.9143701 0.6968504 0 P 0
L 0.9925197 0.3181102 0.9925197 0.4220472 1 P 0
L 0.9925197 0.3181102 1.2122047 0.3181102 1 P 0
L 0.9925197 0.4220472 1.2122047 0.4220472 1 P 0
L 1.0275591 0.5551361 1.0275591 0.7795455 1 P 0
L 1.0275591 0.5551361 1.2244095 0.5551361 1 P 0
L 1.0275591 0.7795455 1.2244095 0.7795455 1 P 0
L 1.2122047 0.3181102 1.2122047 0.4220472 1 P 0
L 1.2244095 0.5551361 1.2244095 0.7795455 1 P 0
